
input.txt: Fri Dec 11 04:52:06 MSK 2020
860
882
907
911
944
945
957
964
972
980
1015
988
1015
1019
1054
1068
1072
1097
1113
1113
1125
1136
1147
1169
1202
1206
1227
1219
1221
1223
1227
1255
1235
1243
1236
1237
1240
1237
1238
1240
1242
1243
1247
1252
1263
1262
1276
1299
1301
1302
1303
1310
1313
1392
1327
1328
1359
1389
1363
1360
1430
1363
1367
1378
1380
1382
1385
1393
1395
1410
1425
1453
1437
1439
1443
1448
1453
1462
1505
1463
1469
1472
1471
1474
1478
1480
1484
1508
1485
1489
1497
1500
1503
1507
1508
1512
1522
1534
1537
1502
1503
1505
1533
1510
1514
1521
1533
1584
1647
1547
1549
1550
1551
1552
1552
1557
1556
1558
1583
1561
1564
1565
1572
1569
1581
1581
1582
1583
1589
1591
1592
1595
1596
1597
1598
1605
1603
1604
1605
1606
1606
1607
1606
1610
1607
1607
1610
1610
1613
1611
1612
1613
1617
1618
1645
1676
1648
1654
1649
1649
1651
1651
1654
1654
1667
1661
1662
1667
1667
1669
1667
1667
1676
1670
1671
1676
1682
1676
1681
1682
1698
1682
1682
1689
1682
1725
1696
1682
1689
1686
1687
1687
1689
1689
1695
1696
1697
1698
1700
1721
1700
1703
1707
1708
1708
1710
1709
1710
1711
1711
1713
1714
1714
1718
1721
1720
1721
1721
1721
1721
1722
1722
1722
1723
1725
1725
1727
1726
1730
1727
1730
1730
1740
1731
1741
1761
1750
1755
1756
1763
1761
1762
1762
1762
1796
1764
1764
1768
1767
1768
1768
1774
1771
1772
1793
1795
1773
1775
1775
1780
1783
1785
1787
1791
1796
1801
1797
1801
1825
1802
1803
1804
1813
1805
1807
1805
1806
1812
1807
1810
1812
1812
1812
1812
1812
1812
1812
1812
1812
1812
1813
1814
1813
1814
1815
1816
1817
1818
1821
1820
1821
1822
1823
1825
1825
1826
1825
1855
1826
1826
1828
1828
1829
1837
1837
1841
1839
1843
1842
1844
1849
1845
1853
1856
1853
1854
1854
1854
1854
1855
E